0.000000 0.000000 0.000000 0.000000 0.000000 0.000000 0.000000 0.000000 0.000000 0.000000 0.000000 0.000000 0.000000 0.000000 0.000000 
1.000000 1.000000 1.000000 0.000000 0.000000 0.000000 0.000000 0.000000 0.000000 0.000000 0.000000 0.000000 0.000000 0.000000 0.000000 
0.000000 0.000000 0.000000 1.000000 0.666667 0.000000 0.000000 0.666667 0.000000 0.000000 0.000000 0.000000 0.000000 0.000000 0.000000 
1.000000 1.000000 1.000000 0.200000 0.333333 0.000000 0.000000 0.333333 0.000000 0.000000 0.666667 0.000000 0.666667 0.000000 0.000000 
0.000000 0.000000 0.000000 1.040000 0.733333 0.000000 0.000000 0.733333 0.000000 0.000000 0.400000 0.000000 0.400000 0.222222 0.222222 
0.000000 0.000000 0.000000 0.208000 0.346667 0.000000 0.000000 0.346667 0.000000 0.000000 0.773333 0.000000 0.773333 0.133333 0.133333 
0.000000 0.000000 0.000000 0.041600 0.069333 0.000000 0.000000 0.069333 0.000000 0.000000 0.424000 0.000000 0.424000 0.257778 0.257778 
1.000000 1.000000 1.000000 0.008320 0.013867 0.000000 0.000000 0.013867 0.000000 0.000000 0.111733 0.000000 0.111733 0.141333 0.141333 
1.000000 1.000000 1.000000 1.001664 0.669440 0.000000 0.000000 0.669440 0.000000 0.000000 0.025040 0.000000 0.025040 0.037244 0.037244 
1.000000 1.000000 1.000000 1.200333 1.000555 0.000000 0.000000 1.000555 0.000000 0.000000 0.671944 0.000000 0.671944 0.008347 0.008347 
0.000000 0.000000 0.000000 1.240067 1.066778 0.000000 0.000000 1.066778 0.000000 0.000000 1.067749 0.000000 1.067749 0.223981 0.223981 
1.000000 1.000000 1.000000 0.248013 0.413356 0.000000 0.000000 0.413356 0.000000 0.000000 1.173553 0.000000 1.173553 0.355916 0.355916 
1.000000 1.000000 1.000000 1.049603 0.749338 0.000000 0.000000 0.749338 0.000000 0.000000 0.530711 0.000000 0.530711 0.391184 0.391184 
0.000000 0.000000 0.000000 1.209921 1.016534 0.000000 0.000000 1.016534 0.000000 0.000000 0.802409 0.000000 0.802409 0.176904 0.176904 
1.000000 1.000000 1.000000 0.241984 0.403307 0.000000 0.000000 0.403307 0.000000 0.000000 1.096775 0.000000 1.096775 0.267470 0.267470 
0.000000 0.000000 0.000000 1.048397 0.747328 0.000000 0.000000 0.747328 0.000000 0.000000 0.512984 0.000000 0.512984 0.365592 0.365592 
0.000000 0.000000 0.000000 0.209679 0.349466 0.000000 0.000000 0.349466 0.000000 0.000000 0.798626 0.000000 0.798626 0.170995 0.170995 
0.000000 0.000000 0.000000 0.041936 0.069893 0.000000 0.000000 0.069893 0.000000 0.000000 0.429328 0.000000 0.429328 0.266209 0.266209 
0.000000 0.000000 0.000000 0.008387 0.013979 0.000000 0.000000 0.013979 0.000000 0.000000 0.112826 0.000000 0.112826 0.143109 0.143109 
1.000000 1.000000 1.000000 0.001677 0.002796 0.000000 0.000000 0.002796 0.000000 0.000000 0.025261 0.000000 0.025261 0.037609 0.037609 
0.000000 0.000000 0.000000 1.000335 0.667226 0.000000 0.000000 0.667226 0.000000 0.000000 0.005322 0.000000 0.005322 0.008420 0.008420 
0.000000 0.000000 0.000000 0.200067 0.333445 0.000000 0.000000 0.333445 0.000000 0.000000 0.667758 0.000000 0.667758 0.001774 0.001774 
0.000000 0.000000 0.000000 0.040013 0.066689 0.000000 0.000000 0.066689 0.000000 0.000000 0.400221 0.000000 0.400221 0.222586 0.222586 
0.000000 0.000000 0.000000 0.008003 0.013338 0.000000 0.000000 0.013338 0.000000 0.000000 0.106711 0.000000 0.106711 0.133407 0.133407 
0.000000 0.000000 0.000000 0.001601 0.002668 0.000000 0.000000 0.002668 0.000000 0.000000 0.024009 0.000000 0.024009 0.035570 0.035570 
1.000000 1.000000 1.000000 0.000320 0.000534 0.000000 0.000000 0.000534 0.000000 0.000000 0.005068 0.000000 0.005068 0.008003 0.008003 
0.000000 0.000000 0.000000 1.000064 0.666773 0.000000 0.000000 0.666773 0.000000 0.000000 0.001040 0.000000 0.001040 0.001689 0.001689 
1.000000 1.000000 1.000000 0.200013 0.333355 0.000000 0.000000 0.333355 0.000000 0.000000 0.666877 0.000000 0.666877 0.000347 0.000347 
0.000000 0.000000 0.000000 1.040003 0.733338 0.000000 0.000000 0.733338 0.000000 0.000000 0.400042 0.000000 0.400042 0.222292 0.222292 
0.000000 0.000000 0.000000 0.208001 0.346668 0.000000 0.000000 0.346668 0.000000 0.000000 0.773342 0.000000 0.773342 0.133347 0.133347 
0.000000 0.000000 0.000000 0.041600 0.069334 0.000000 0.000000 0.069334 0.000000 0.000000 0.424002 0.000000 0.424002 0.257781 0.257781 
1.000000 1.000000 1.000000 0.008320 0.013867 0.000000 0.000000 0.013867 0.000000 0.000000 0.111734 0.000000 0.111734 0.141334 0.141334 
1.000000 1.000000 1.000000 1.001664 0.669440 0.000000 0.000000 0.669440 0.000000 0.000000 0.025040 0.000000 0.025040 0.037245 0.037245 
0.000000 0.000000 0.000000 1.200333 1.000555 0.000000 0.000000 1.000555 0.000000 0.000000 0.671944 0.000000 0.671944 0.008347 0.008347 
1.000000 1.000000 1.000000 0.240067 0.400111 0.000000 0.000000 0.400111 0.000000 0.000000 1.067749 0.000000 1.067749 0.223981 0.223981 
0.000000 0.000000 0.000000 1.048013 0.746689 0.000000 0.000000 0.746689 0.000000 0.000000 0.506886 0.000000 0.506886 0.355916 0.355916 
0.000000 0.000000 0.000000 0.209603 0.349338 0.000000 0.000000 0.349338 0.000000 0.000000 0.797377 0.000000 0.797377 0.168962 0.168962 
0.000000 0.000000 0.000000 0.041921 0.069868 0.000000 0.000000 0.069868 0.000000 0.000000 0.429076 0.000000 0.429076 0.265792 0.265792 
0.000000 0.000000 0.000000 0.008384 0.013974 0.000000 0.000000 0.013974 0.000000 0.000000 0.112775 0.000000 0.112775 0.143025 0.143025 
0.000000 0.000000 0.000000 0.001677 0.002795 0.000000 0.000000 0.002795 0.000000 0.000000 0.025251 0.000000 0.025251 0.037592 0.037592 
1.000000 1.000000 1.000000 0.000335 0.000559 0.000000 0.000000 0.000559 0.000000 0.000000 0.005320 0.000000 0.005320 0.008417 0.008417 
1.000000 1.000000 1.000000 1.000067 0.666778 0.000000 0.000000 0.666778 0.000000 0.000000 0.001091 0.000000 0.001091 0.001773 0.001773 
0.000000 0.000000 0.000000 1.200013 1.000022 0.000000 0.000000 1.000022 0.000000 0.000000 0.666888 0.000000 0.666888 0.000364 0.000364 
1.000000 1.000000 1.000000 0.240003 0.400004 0.000000 0.000000 0.400004 0.000000 0.000000 1.066711 0.000000 1.066711 0.222296 0.222296 
0.000000 0.000000 0.000000 1.048001 0.746668 0.000000 0.000000 0.746668 0.000000 0.000000 0.506676 0.000000 0.506676 0.355570 0.355570 
0.000000 0.000000 0.000000 0.209600 0.349334 0.000000 0.000000 0.349334 0.000000 0.000000 0.797335 0.000000 0.797335 0.168892 0.168892 
0.000000 0.000000 0.000000 0.041920 0.069867 0.000000 0.000000 0.069867 0.000000 0.000000 0.429067 0.000000 0.429067 0.265778 0.265778 
1.000000 1.000000 1.000000 0.008384 0.013973 0.000000 0.000000 0.013973 0.000000 0.000000 0.112773 0.000000 0.112773 0.143022 0.143022 
0.000000 0.000000 0.000000 1.001677 0.669461 0.000000 0.000000 0.669461 0.000000 0.000000 0.025251 0.000000 0.025251 0.037591 0.037591 
1.000000 1.000000 1.000000 0.200335 0.333892 0.000000 0.000000 0.333892 0.000000 0.000000 0.671986 0.000000 0.671986 0.008417 0.008417 
1.000000 1.000000 1.000000 1.040067 0.733445 0.000000 0.000000 0.733445 0.000000 0.000000 0.401091 0.000000 0.401091 0.223995 0.223995 
0.000000 0.000000 0.000000 1.208013 1.013356 0.000000 0.000000 1.013356 0.000000 0.000000 0.773554 0.000000 0.773554 0.133697 0.133697 
1.000000 1.000000 1.000000 0.241603 0.402671 0.000000 0.000000 0.402671 0.000000 0.000000 1.090711 0.000000 1.090711 0.257851 0.257851 
0.000000 0.000000 0.000000 1.048321 0.747201 0.000000 0.000000 0.747201 0.000000 0.000000 0.511742 0.000000 0.511742 0.363570 0.363570 
1.000000 1.000000 1.000000 0.209664 0.349440 0.000000 0.000000 0.349440 0.000000 0.000000 0.798375 0.000000 0.798375 0.170581 0.170581 
0.000000 0.000000 0.000000 1.041933 0.736555 0.000000 0.000000 0.736555 0.000000 0.000000 0.429278 0.000000 0.429278 0.266125 0.266125 
1.000000 1.000000 1.000000 0.208387 0.347311 0.000000 0.000000 0.347311 0.000000 0.000000 0.779482 0.000000 0.779482 0.143093 0.143093 
1.000000 1.000000 1.000000 1.041677 0.736129 0.000000 0.000000 0.736129 0.000000 0.000000 0.425259 0.000000 0.425259 0.259827 0.259827 
0.000000 0.000000 0.000000 1.208335 1.013892 0.000000 0.000000 1.013892 0.000000 0.000000 0.778655 0.000000 0.778655 0.141753 0.141753 
1.000000 1.000000 1.000000 0.241667 0.402778 0.000000 0.000000 0.402778 0.000000 0.000000 1.091758 0.000000 1.091758 0.259552 0.259552 
1.000000 1.000000 1.000000 1.048333 0.747222 0.000000 0.000000 0.747222 0.000000 0.000000 0.511954 0.000000 0.511954 0.363919 0.363919 
0.000000 0.000000 0.000000 1.209667 1.016111 0.000000 0.000000 1.016111 0.000000 0.000000 0.798418 0.000000 0.798418 0.170651 0.170651 
0.000000 0.000000 0.000000 0.241933 0.403222 0.000000 0.000000 0.403222 0.000000 0.000000 1.095953 0.000000 1.095953 0.266139 0.266139 
1.000000 1.000000 1.000000 0.048387 0.080644 0.000000 0.000000 0.080644 0.000000 0.000000 0.512818 0.000000 0.512818 0.365318 0.365318 
1.000000 1.000000 1.000000 1.009677 0.682796 0.000000 0.000000 0.682796 0.000000 0.000000 0.131926 0.000000 0.131926 0.170939 0.170939 
0.000000 0.000000 0.000000 1.201935 1.003226 0.000000 0.000000 1.003226 0.000000 0.000000 0.695988 0.000000 0.695988 0.043975 0.043975 
0.000000 0.000000 0.000000 0.240387 0.400645 0.000000 0.000000 0.400645 0.000000 0.000000 1.072825 0.000000 1.072825 0.231996 0.231996 
0.000000 0.000000 0.000000 0.048077 0.080129 0.000000 0.000000 0.080129 0.000000 0.000000 0.507928 0.000000 0.507928 0.357608 0.357608 
0.000000 0.000000 0.000000 0.009615 0.016026 0.000000 0.000000 0.016026 0.000000 0.000000 0.130922 0.000000 0.130922 0.169309 0.169309 
0.000000 0.000000 0.000000 0.001923 0.003205 0.000000 0.000000 0.003205 0.000000 0.000000 0.029118 0.000000 0.029118 0.043641 0.043641 
0.000000 0.000000 0.000000 0.000385 0.000641 0.000000 0.000000 0.000641 0.000000 0.000000 0.006117 0.000000 0.006117 0.009706 0.009706 
0.000000 0.000000 0.000000 0.000077 0.000128 0.000000 0.000000 0.000128 0.000000 0.000000 0.001253 0.000000 0.001253 0.002039 0.002039 
1.000000 1.000000 1.000000 0.000015 0.000026 0.000000 0.000000 0.000026 0.000000 0.000000 0.000253 0.000000 0.000253 0.000418 0.000418 
1.000000 1.000000 1.000000 1.000003 0.666672 0.000000 0.000000 0.666672 0.000000 0.000000 0.000051 0.000000 0.000051 0.000084 0.000084 
1.000000 1.000000 1.000000 1.200001 1.000001 0.000000 0.000000 1.000001 0.000000 0.000000 0.666677 0.000000 0.666677 0.000017 0.000017 
1.000000 1.000000 1.000000 1.240000 1.066667 0.000000 0.000000 1.066667 0.000000 0.000000 1.066669 0.000000 1.066669 0.222226 0.222226 
1.000000 1.000000 1.000000 1.248000 1.080000 0.000000 0.000000 1.080000 0.000000 0.000000 1.173334 0.000000 1.173334 0.355556 0.355556 
1.000000 1.000000 1.000000 1.249600 1.082667 0.000000 0.000000 1.082667 0.000000 0.000000 1.197333 0.000000 1.197333 0.391111 0.391111 
1.000000 1.000000 1.000000 1.249920 1.083200 0.000000 0.000000 1.083200 0.000000 0.000000 1.202400 0.000000 1.202400 0.399111 0.399111 
0.000000 0.000000 0.000000 1.249984 1.083307 0.000000 0.000000 1.083307 0.000000 0.000000 1.203440 0.000000 1.203440 0.400800 0.400800 
0.000000 0.000000 0.000000 0.249997 0.416661 0.000000 0.000000 0.416661 0.000000 0.000000 1.203651 0.000000 1.203651 0.401147 0.401147 
0.000000 0.000000 0.000000 0.049999 0.083332 0.000000 0.000000 0.083332 0.000000 0.000000 0.537026 0.000000 0.537026 0.401217 0.401217 
1.000000 1.000000 1.000000 0.010000 0.016666 0.000000 0.000000 0.016666 0.000000 0.000000 0.137035 0.000000 0.137035 0.179009 0.179009 
1.000000 1.000000 1.000000 1.002000 0.670000 0.000000 0.000000 0.670000 0.000000 0.000000 0.030370 0.000000 0.030370 0.045678 0.045678 
1.000000 1.000000 1.000000 1.200400 1.000667 0.000000 0.000000 1.000667 0.000000 0.000000 0.673037 0.000000 0.673037 0.010123 0.010123 
1.000000 1.000000 1.000000 1.240080 1.066800 0.000000 0.000000 1.066800 0.000000 0.000000 1.067970 0.000000 1.067970 0.224346 0.224346 
1.000000 1.000000 1.000000 1.248016 1.080027 0.000000 0.000000 1.080027 0.000000 0.000000 1.173597 0.000000 1.173597 0.355990 0.355990 
1.000000 1.000000 1.000000 1.249603 1.082672 0.000000 0.000000 1.082672 0.000000 0.000000 1.197386 0.000000 1.197386 0.391199 0.391199 
0.000000 0.000000 0.000000 1.249921 1.083201 0.000000 0.000000 1.083201 0.000000 0.000000 1.202411 0.000000 1.202411 0.399129 0.399129 
1.000000 1.000000 1.000000 0.249984 0.416640 0.000000 0.000000 0.416640 0.000000 0.000000 1.203442 0.000000 1.203442 0.400804 0.400804 
0.000000 0.000000 0.000000 1.049997 0.749995 0.000000 0.000000 0.749995 0.000000 0.000000 0.536984 0.000000 0.536984 0.401147 0.401147 
0.000000 0.000000 0.000000 0.209999 0.349999 0.000000 0.000000 0.349999 0.000000 0.000000 0.803693 0.000000 0.803693 0.178995 0.178995 
1.000000 1.000000 1.000000 0.042000 0.070000 0.000000 0.000000 0.070000 0.000000 0.000000 0.430368 0.000000 0.430368 0.267898 0.267898 
1.000000 1.000000 1.000000 1.008400 0.680667 0.000000 0.000000 0.680667 0.000000 0.000000 0.113037 0.000000 0.113037 0.143456 0.143456 
1.000000 1.000000 1.000000 1.201680 1.002800 0.000000 0.000000 1.002800 0.000000 0.000000 0.691970 0.000000 0.691970 0.037679 0.037679 
0.000000 0.000000 0.000000 1.240336 1.067227 0.000000 0.000000 1.067227 0.000000 0.000000 1.071997 0.000000 1.071997 0.230657 0.230657 
0.000000 0.000000 0.000000 0.248067 0.413445 0.000000 0.000000 0.413445 0.000000 0.000000 1.174426 0.000000 1.174426 0.357332 0.357332 
1.000000 1.000000 1.000000 0.049613 0.082689 0.000000 0.000000 0.082689 0.000000 0.000000 0.530888 0.000000 0.530888 0.391475 0.391475 
1.000000 1.000000 1.000000 1.009923 0.683204 0.000000 0.000000 0.683204 0.000000 0.000000 0.135778 0.000000 0.135778 0.176963 0.176963 
0.000000 0.000000 0.000000 1.201985 1.003308 0.000000 0.000000 1.003308 0.000000 0.000000 0.696782 0.000000 0.696782 0.045259 0.045259 
0.000000 0.000000 0.000000 0.240397 0.400662 0.000000 0.000000 0.400662 0.000000 0.000000 1.072986 0.000000 1.072986 0.232261 0.232261 
0.000000 0.000000 0.000000 0.048079 0.080132 0.000000 0.000000 0.080132 0.000000 0.000000 0.507960 0.000000 0.507960 0.357662 0.357662 
1.000000 1.000000 1.000000 0.009616 0.016026 0.000000 0.000000 0.016026 0.000000 0.000000 0.130928 0.000000 0.130928 0.169320 0.169320 
0.000000 0.000000 0.000000 1.001923 0.669872 0.000000 0.000000 0.669872 0.000000 0.000000 0.029119 0.000000 0.029119 0.043643 0.043643 
1.000000 1.000000 1.000000 0.200385 0.333974 0.000000 0.000000 0.333974 0.000000 0.000000 0.672784 0.000000 0.672784 0.009706 0.009706 
0.000000 0.000000 0.000000 1.040077 0.733462 0.000000 0.000000 0.733462 0.000000 0.000000 0.401253 0.000000 0.401253 0.224261 0.224261 
1.000000 1.000000 1.000000 0.208015 0.346692 0.000000 0.000000 0.346692 0.000000 0.000000 0.773587 0.000000 0.773587 0.133751 0.133751 
1.000000 1.000000 1.000000 1.041603 0.736005 0.000000 0.000000 0.736005 0.000000 0.000000 0.424051 0.000000 0.424051 0.257862 0.257862 
1.000000 1.000000 1.000000 1.208321 1.013868 0.000000 0.000000 1.013868 0.000000 0.000000 0.778410 0.000000 0.778410 0.141350 0.141350 
0.000000 0.000000 0.000000 1.241664 1.069440 0.000000 0.000000 1.069440 0.000000 0.000000 1.091709 0.000000 1.091709 0.259470 0.259470 
1.000000 1.000000 1.000000 0.248333 0.413888 0.000000 0.000000 0.413888 0.000000 0.000000 1.178611 0.000000 1.178611 0.363903 0.363903 
1.000000 1.000000 1.000000 1.049667 0.749444 0.000000 0.000000 0.749444 0.000000 0.000000 0.531749 0.000000 0.531749 0.392870 0.392870 
0.000000 0.000000 0.000000 1.209933 1.016556 0.000000 0.000000 1.016556 0.000000 0.000000 0.802619 0.000000 0.802619 0.177250 0.177250 
1.000000 1.000000 1.000000 0.241987 0.403311 0.000000 0.000000 0.403311 0.000000 0.000000 1.096817 0.000000 1.096817 0.267540 0.267540 
0.000000 0.000000 0.000000 1.048397 0.747329 0.000000 0.000000 0.747329 0.000000 0.000000 0.512993 0.000000 0.512993 0.365606 0.365606 
1.000000 1.000000 1.000000 0.209679 0.349466 0.000000 0.000000 0.349466 0.000000 0.000000 0.798628 0.000000 0.798628 0.170998 0.170998 
1.000000 1.000000 1.000000 1.041936 0.736560 0.000000 0.000000 0.736560 0.000000 0.000000 0.429329 0.000000 0.429329 0.266209 0.266209 
1.000000 1.000000 1.000000 1.208387 1.013979 0.000000 0.000000 1.013979 0.000000 0.000000 0.779493 0.000000 0.779493 0.143110 0.143110 
1.000000 1.000000 1.000000 1.241677 1.069462 0.000000 0.000000 1.069462 0.000000 0.000000 1.091928 0.000000 1.091928 0.259831 0.259831 
1.000000 1.000000 1.000000 1.248335 1.080559 0.000000 0.000000 1.080559 0.000000 0.000000 1.178655 0.000000 1.178655 0.363976 0.363976 
1.000000 1.000000 1.000000 1.249667 1.082778 0.000000 0.000000 1.082778 0.000000 0.000000 1.198425 0.000000 1.198425 0.392885 0.392885 
1.000000 1.000000 1.000000 1.249933 1.083222 0.000000 0.000000 1.083222 0.000000 0.000000 1.202621 0.000000 1.202621 0.399475 0.399475 
0.000000 0.000000 0.000000 1.249987 1.083311 0.000000 0.000000 1.083311 0.000000 0.000000 1.203484 0.000000 1.203484 0.400874 0.400874 
1.000000 1.000000 1.000000 0.249997 0.416662 0.000000 0.000000 0.416662 0.000000 0.000000 1.203660 0.000000 1.203660 0.401161 0.401161 
0.000000 0.000000 0.000000 1.049999 0.749999 0.000000 0.000000 0.749999 0.000000 0.000000 0.537028 0.000000 0.537028 0.401220 0.401220 
0.000000 0.000000 0.000000 0.210000 0.350000 0.000000 0.000000 0.350000 0.000000 0.000000 0.803702 0.000000 0.803702 0.179009 0.179009 
0.000000 0.000000 0.000000 0.042000 0.070000 0.000000 0.000000 0.070000 0.000000 0.000000 0.430370 0.000000 0.430370 0.267901 0.267901 
1.000000 1.000000 1.000000 0.008400 0.014000 0.000000 0.000000 0.014000 0.000000 0.000000 0.113037 0.000000 0.113037 0.143457 0.143457 
0.000000 0.000000 0.000000 0.000000 0.000000 0.000000 0.000000 0.000000 0.000000 0.000000 0.000000 0.000000 0.000000 0.000000 0.000000 
1.000000 1.000000 1.000000 0.000000 0.000000 0.000000 0.000000 0.000000 0.000000 0.000000 0.000000 0.000000 0.000000 0.000000 0.000000 
0.000000 0.000000 0.000000 1.000000 0.666667 0.000000 0.000000 0.666667 0.000000 0.000000 0.000000 0.000000 0.000000 0.000000 0.000000 
1.000000 1.000000 1.000000 0.200000 0.333333 0.000000 0.000000 0.333333 0.000000 0.000000 0.666667 0.000000 0.666667 0.000000 0.000000 
0.000000 0.000000 0.000000 1.040000 0.733333 0.000000 0.000000 0.733333 0.000000 0.000000 0.400000 0.000000 0.400000 0.222222 0.222222 
0.000000 0.000000 0.000000 0.208000 0.346667 0.000000 0.000000 0.346667 0.000000 0.000000 0.773333 0.000000 0.773333 0.133333 0.133333 
0.000000 0.000000 0.000000 0.041600 0.069333 0.000000 0.000000 0.069333 0.000000 0.000000 0.424000 0.000000 0.424000 0.257778 0.257778 
1.000000 1.000000 1.000000 0.008320 0.013867 0.000000 0.000000 0.013867 0.000000 0.000000 0.111733 0.000000 0.111733 0.141333 0.141333 
1.000000 1.000000 1.000000 1.001664 0.669440 0.000000 0.000000 0.669440 0.000000 0.000000 0.025040 0.000000 0.025040 0.037244 0.037244 
1.000000 1.000000 1.000000 1.200333 1.000555 0.000000 0.000000 1.000555 0.000000 0.000000 0.671944 0.000000 0.671944 0.008347 0.008347 
0.000000 0.000000 0.000000 1.240067 1.066778 0.000000 0.000000 1.066778 0.000000 0.000000 1.067749 0.000000 1.067749 0.223981 0.223981 
1.000000 1.000000 1.000000 0.248013 0.413356 0.000000 0.000000 0.413356 0.000000 0.000000 1.173553 0.000000 1.173553 0.355916 0.355916 
1.000000 1.000000 1.000000 1.049603 0.749338 0.000000 0.000000 0.749338 0.000000 0.000000 0.530711 0.000000 0.530711 0.391184 0.391184 
0.000000 0.000000 0.000000 1.209921 1.016534 0.000000 0.000000 1.016534 0.000000 0.000000 0.802409 0.000000 0.802409 0.176904 0.176904 
1.000000 1.000000 1.000000 0.241984 0.403307 0.000000 0.000000 0.403307 0.000000 0.000000 1.096775 0.000000 1.096775 0.267470 0.267470 
0.000000 0.000000 0.000000 1.048397 0.747328 0.000000 0.000000 0.747328 0.000000 0.000000 0.512984 0.000000 0.512984 0.365592 0.365592 
0.000000 0.000000 0.000000 0.209679 0.349466 0.000000 0.000000 0.349466 0.000000 0.000000 0.798626 0.000000 0.798626 0.170995 0.170995 
0.000000 0.000000 0.000000 0.041936 0.069893 0.000000 0.000000 0.069893 0.000000 0.000000 0.429328 0.000000 0.429328 0.266209 0.266209 
0.000000 0.000000 0.000000 0.008387 0.013979 0.000000 0.000000 0.013979 0.000000 0.000000 0.112826 0.000000 0.112826 0.143109 0.143109 
1.000000 1.000000 1.000000 0.001677 0.002796 0.000000 0.000000 0.002796 0.000000 0.000000 0.025261 0.000000 0.025261 0.037609 0.037609 
0.000000 0.000000 0.000000 1.000335 0.667226 0.000000 0.000000 0.667226 0.000000 0.000000 0.005322 0.000000 0.005322 0.008420 0.008420 
0.000000 0.000000 0.000000 0.200067 0.333445 0.000000 0.000000 0.333445 0.000000 0.000000 0.667758 0.000000 0.667758 0.001774 0.001774 
0.000000 0.000000 0.000000 0.040013 0.066689 0.000000 0.000000 0.066689 0.000000 0.000000 0.400221 0.000000 0.400221 0.222586 0.222586 
0.000000 0.000000 0.000000 0.008003 0.013338 0.000000 0.000000 0.013338 0.000000 0.000000 0.106711 0.000000 0.106711 0.133407 0.133407 
0.000000 0.000000 0.000000 0.001601 0.002668 0.000000 0.000000 0.002668 0.000000 0.000000 0.024009 0.000000 0.024009 0.035570 0.035570 
1.000000 1.000000 1.000000 0.000320 0.000534 0.000000 0.000000 0.000534 0.000000 0.000000 0.005068 0.000000 0.005068 0.008003 0.008003 
0.000000 0.000000 0.000000 1.000064 0.666773 0.000000 0.000000 0.666773 0.000000 0.000000 0.001040 0.000000 0.001040 0.001689 0.001689 
1.000000 1.000000 1.000000 0.200013 0.333355 0.000000 0.000000 0.333355 0.000000 0.000000 0.666877 0.000000 0.666877 0.000347 0.000347 
0.000000 0.000000 0.000000 1.040003 0.733338 0.000000 0.000000 0.733338 0.000000 0.000000 0.400042 0.000000 0.400042 0.222292 0.222292 
0.000000 0.000000 0.000000 0.208001 0.346668 0.000000 0.000000 0.346668 0.000000 0.000000 0.773342 0.000000 0.773342 0.133347 0.133347 
0.000000 0.000000 0.000000 0.041600 0.069334 0.000000 0.000000 0.069334 0.000000 0.000000 0.424002 0.000000 0.424002 0.257781 0.257781 
1.000000 1.000000 1.000000 0.008320 0.013867 0.000000 0.000000 0.013867 0.000000 0.000000 0.111734 0.000000 0.111734 0.141334 0.141334 
1.000000 1.000000 1.000000 1.001664 0.669440 0.000000 0.000000 0.669440 0.000000 0.000000 0.025040 0.000000 0.025040 0.037245 0.037245 
0.000000 0.000000 0.000000 1.200333 1.000555 0.000000 0.000000 1.000555 0.000000 0.000000 0.671944 0.000000 0.671944 0.008347 0.008347 
1.000000 1.000000 1.000000 0.240067 0.400111 0.000000 0.000000 0.400111 0.000000 0.000000 1.067749 0.000000 1.067749 0.223981 0.223981 
0.000000 0.000000 0.000000 1.048013 0.746689 0.000000 0.000000 0.746689 0.000000 0.000000 0.506886 0.000000 0.506886 0.355916 0.355916 
0.000000 0.000000 0.000000 0.209603 0.349338 0.000000 0.000000 0.349338 0.000000 0.000000 0.797377 0.000000 0.797377 0.168962 0.168962 
0.000000 0.000000 0.000000 0.041921 0.069868 0.000000 0.000000 0.069868 0.000000 0.000000 0.429076 0.000000 0.429076 0.265792 0.265792 
0.000000 0.000000 0.000000 0.008384 0.013974 0.000000 0.000000 0.013974 0.000000 0.000000 0.112775 0.000000 0.112775 0.143025 0.143025 
0.000000 0.000000 0.000000 0.001677 0.002795 0.000000 0.000000 0.002795 0.000000 0.000000 0.025251 0.000000 0.025251 0.037592 0.037592 
1.000000 1.000000 1.000000 0.000335 0.000559 0.000000 0.000000 0.000559 0.000000 0.000000 0.005320 0.000000 0.005320 0.008417 0.008417 
1.000000 1.000000 1.000000 1.000067 0.666778 0.000000 0.000000 0.666778 0.000000 0.000000 0.001091 0.000000 0.001091 0.001773 0.001773 
0.000000 0.000000 0.000000 1.200013 1.000022 0.000000 0.000000 1.000022 0.000000 0.000000 0.666888 0.000000 0.666888 0.000364 0.000364 
1.000000 1.000000 1.000000 0.240003 0.400004 0.000000 0.000000 0.400004 0.000000 0.000000 1.066711 0.000000 1.066711 0.222296 0.222296 
0.000000 0.000000 0.000000 1.048001 0.746668 0.000000 0.000000 0.746668 0.000000 0.000000 0.506676 0.000000 0.506676 0.355570 0.355570 
0.000000 0.000000 0.000000 0.209600 0.349334 0.000000 0.000000 0.349334 0.000000 0.000000 0.797335 0.000000 0.797335 0.168892 0.168892 
0.000000 0.000000 0.000000 0.041920 0.069867 0.000000 0.000000 0.069867 0.000000 0.000000 0.429067 0.000000 0.429067 0.265778 0.265778 
1.000000 1.000000 1.000000 0.008384 0.013973 0.000000 0.000000 0.013973 0.000000 0.000000 0.112773 0.000000 0.112773 0.143022 0.143022 
0.000000 0.000000 0.000000 1.001677 0.669461 0.000000 0.000000 0.669461 0.000000 0.000000 0.025251 0.000000 0.025251 0.037591 0.037591 
1.000000 1.000000 1.000000 0.200335 0.333892 0.000000 0.000000 0.333892 0.000000 0.000000 0.671986 0.000000 0.671986 0.008417 0.008417 
1.000000 1.000000 1.000000 1.040067 0.733445 0.000000 0.000000 0.733445 0.000000 0.000000 0.401091 0.000000 0.401091 0.223995 0.223995 
0.000000 0.000000 0.000000 1.208013 1.013356 0.000000 0.000000 1.013356 0.000000 0.000000 0.773554 0.000000 0.773554 0.133697 0.133697 
1.000000 1.000000 1.000000 0.241603 0.402671 0.000000 0.000000 0.402671 0.000000 0.000000 1.090711 0.000000 1.090711 0.257851 0.257851 
0.000000 0.000000 0.000000 1.048321 0.747201 0.000000 0.000000 0.747201 0.000000 0.000000 0.511742 0.000000 0.511742 0.363570 0.363570 
1.000000 1.000000 1.000000 0.209664 0.349440 0.000000 0.000000 0.349440 0.000000 0.000000 0.798375 0.000000 0.798375 0.170581 0.170581 
0.000000 0.000000 0.000000 1.041933 0.736555 0.000000 0.000000 0.736555 0.000000 0.000000 0.429278 0.000000 0.429278 0.266125 0.266125 
1.000000 1.000000 1.000000 0.208387 0.347311 0.000000 0.000000 0.347311 0.000000 0.000000 0.779482 0.000000 0.779482 0.143093 0.143093 
1.000000 1.000000 1.000000 1.041677 0.736129 0.000000 0.000000 0.736129 0.000000 0.000000 0.425259 0.000000 0.425259 0.259827 0.259827 
0.000000 0.000000 0.000000 1.208335 1.013892 0.000000 0.000000 1.013892 0.000000 0.000000 0.778655 0.000000 0.778655 0.141753 0.141753 
1.000000 1.000000 1.000000 0.241667 0.402778 0.000000 0.000000 0.402778 0.000000 0.000000 1.091758 0.000000 1.091758 0.259552 0.259552 
1.000000 1.000000 1.000000 1.048333 0.747222 0.000000 0.000000 0.747222 0.000000 0.000000 0.511954 0.000000 0.511954 0.363919 0.363919 
0.000000 0.000000 0.000000 1.209667 1.016111 0.000000 0.000000 1.016111 0.000000 0.000000 0.798418 0.000000 0.798418 0.170651 0.170651 
0.000000 0.000000 0.000000 0.241933 0.403222 0.000000 0.000000 0.403222 0.000000 0.000000 1.095953 0.000000 1.095953 0.266139 0.266139 
1.000000 1.000000 1.000000 0.048387 0.080644 0.000000 0.000000 0.080644 0.000000 0.000000 0.512818 0.000000 0.512818 0.365318 0.365318 
1.000000 1.000000 1.000000 1.009677 0.682796 0.000000 0.000000 0.682796 0.000000 0.000000 0.131926 0.000000 0.131926 0.170939 0.170939 
0.000000 0.000000 0.000000 1.201935 1.003226 0.000000 0.000000 1.003226 0.000000 0.000000 0.695988 0.000000 0.695988 0.043975 0.043975 
0.000000 0.000000 0.000000 0.240387 0.400645 0.000000 0.000000 0.400645 0.000000 0.000000 1.072825 0.000000 1.072825 0.231996 0.231996 
0.000000 0.000000 0.000000 0.048077 0.080129 0.000000 0.000000 0.080129 0.000000 0.000000 0.507928 0.000000 0.507928 0.357608 0.357608 
0.000000 0.000000 0.000000 0.009615 0.016026 0.000000 0.000000 0.016026 0.000000 0.000000 0.130922 0.000000 0.130922 0.169309 0.169309 
0.000000 0.000000 0.000000 0.001923 0.003205 0.000000 0.000000 0.003205 0.000000 0.000000 0.029118 0.000000 0.029118 0.043641 0.043641 
0.000000 0.000000 0.000000 0.000385 0.000641 0.000000 0.000000 0.000641 0.000000 0.000000 0.006117 0.000000 0.006117 0.009706 0.009706 
0.000000 0.000000 0.000000 0.000077 0.000128 0.000000 0.000000 0.000128 0.000000 0.000000 0.001253 0.000000 0.001253 0.002039 0.002039 
1.000000 1.000000 1.000000 0.000015 0.000026 0.000000 0.000000 0.000026 0.000000 0.000000 0.000253 0.000000 0.000253 0.000418 0.000418 
1.000000 1.000000 1.000000 1.000003 0.666672 0.000000 0.000000 0.666672 0.000000 0.000000 0.000051 0.000000 0.000051 0.000084 0.000084 
1.000000 1.000000 1.000000 1.200001 1.000001 0.000000 0.000000 1.000001 0.000000 0.000000 0.666677 0.000000 0.666677 0.000017 0.000017 
1.000000 1.000000 1.000000 1.240000 1.066667 0.000000 0.000000 1.066667 0.000000 0.000000 1.066669 0.000000 1.066669 0.222226 0.222226 
1.000000 1.000000 1.000000 1.248000 1.080000 0.000000 0.000000 1.080000 0.000000 0.000000 1.173334 0.000000 1.173334 0.355556 0.355556 
1.000000 1.000000 1.000000 1.249600 1.082667 0.000000 0.000000 1.082667 0.000000 0.000000 1.197333 0.000000 1.197333 0.391111 0.391111 
1.000000 1.000000 1.000000 1.249920 1.083200 0.000000 0.000000 1.083200 0.000000 0.000000 1.202400 0.000000 1.202400 0.399111 0.399111 
0.000000 0.000000 0.000000 1.249984 1.083307 0.000000 0.000000 1.083307 0.000000 0.000000 1.203440 0.000000 1.203440 0.400800 0.400800 
0.000000 0.000000 0.000000 0.249997 0.416661 0.000000 0.000000 0.416661 0.000000 0.000000 1.203651 0.000000 1.203651 0.401147 0.401147 
0.000000 0.000000 0.000000 0.049999 0.083332 0.000000 0.000000 0.083332 0.000000 0.000000 0.537026 0.000000 0.537026 0.401217 0.401217 
1.000000 1.000000 1.000000 0.010000 0.016666 0.000000 0.000000 0.016666 0.000000 0.000000 0.137035 0.000000 0.137035 0.179009 0.179009 
1.000000 1.000000 1.000000 1.002000 0.670000 0.000000 0.000000 0.670000 0.000000 0.000000 0.030370 0.000000 0.030370 0.045678 0.045678 
1.000000 1.000000 1.000000 1.200400 1.000667 0.000000 0.000000 1.000667 0.000000 0.000000 0.673037 0.000000 0.673037 0.010123 0.010123 
1.000000 1.000000 1.000000 1.240080 1.066800 0.000000 0.000000 1.066800 0.000000 0.000000 1.067970 0.000000 1.067970 0.224346 0.224346 
1.000000 1.000000 1.000000 1.248016 1.080027 0.000000 0.000000 1.080027 0.000000 0.000000 1.173597 0.000000 1.173597 0.355990 0.355990 
1.000000 1.000000 1.000000 1.249603 1.082672 0.000000 0.000000 1.082672 0.000000 0.000000 1.197386 0.000000 1.197386 0.391199 0.391199 
0.000000 0.000000 0.000000 1.249921 1.083201 0.000000 0.000000 1.083201 0.000000 0.000000 1.202411 0.000000 1.202411 0.399129 0.399129 
1.000000 1.000000 1.000000 0.249984 0.416640 0.000000 0.000000 0.416640 0.000000 0.000000 1.203442 0.000000 1.203442 0.400804 0.400804 
0.000000 0.000000 0.000000 1.049997 0.749995 0.000000 0.000000 0.749995 0.000000 0.000000 0.536984 0.000000 0.536984 0.401147 0.401147 
0.000000 0.000000 0.000000 0.209999 0.349999 0.000000 0.000000 0.349999 0.000000 0.000000 0.803693 0.000000 0.803693 0.178995 0.178995 
1.000000 1.000000 1.000000 0.042000 0.070000 0.000000 0.000000 0.070000 0.000000 0.000000 0.430368 0.000000 0.430368 0.267898 0.267898 
1.000000 1.000000 1.000000 1.008400 0.680667 0.000000 0.000000 0.680667 0.000000 0.000000 0.113037 0.000000 0.113037 0.143456 0.143456 
1.000000 1.000000 1.000000 1.201680 1.002800 0.000000 0.000000 1.002800 0.000000 0.000000 0.691970 0.000000 0.691970 0.037679 0.037679 
0.000000 0.000000 0.000000 1.240336 1.067227 0.000000 0.000000 1.067227 0.000000 0.000000 1.071997 0.000000 1.071997 0.230657 0.230657 
0.000000 0.000000 0.000000 0.248067 0.413445 0.000000 0.000000 0.413445 0.000000 0.000000 1.174426 0.000000 1.174426 0.357332 0.357332 
1.000000 1.000000 1.000000 0.049613 0.082689 0.000000 0.000000 0.082689 0.000000 0.000000 0.530888 0.000000 0.530888 0.391475 0.391475 
1.000000 1.000000 1.000000 1.009923 0.683204 0.000000 0.000000 0.683204 0.000000 0.000000 0.135778 0.000000 0.135778 0.176963 0.176963 
0.000000 0.000000 0.000000 1.201985 1.003308 0.000000 0.000000 1.003308 0.000000 0.000000 0.696782 0.000000 0.696782 0.045259 0.045259 
0.000000 0.000000 0.000000 0.240397 0.400662 0.000000 0.000000 0.400662 0.000000 0.000000 1.072986 0.000000 1.072986 0.232261 0.232261 
0.000000 0.000000 0.000000 0.048079 0.080132 0.000000 0.000000 0.080132 0.000000 0.000000 0.507960 0.000000 0.507960 0.357662 0.357662 
1.000000 1.000000 1.000000 0.009616 0.016026 0.000000 0.000000 0.016026 0.000000 0.000000 0.130928 0.000000 0.130928 0.169320 0.169320 
0.000000 0.000000 0.000000 1.001923 0.669872 0.000000 0.000000 0.669872 0.000000 0.000000 0.029119 0.000000 0.029119 0.043643 0.043643 
1.000000 1.000000 1.000000 0.200385 0.333974 0.000000 0.000000 0.333974 0.000000 0.000000 0.672784 0.000000 0.672784 0.009706 0.009706 
0.000000 0.000000 0.000000 1.040077 0.733462 0.000000 0.000000 0.733462 0.000000 0.000000 0.401253 0.000000 0.401253 0.224261 0.224261 
1.000000 1.000000 1.000000 0.208015 0.346692 0.000000 0.000000 0.346692 0.000000 0.000000 0.773587 0.000000 0.773587 0.133751 0.133751 
1.000000 1.000000 1.000000 1.041603 0.736005 0.000000 0.000000 0.736005 0.000000 0.000000 0.424051 0.000000 0.424051 0.257862 0.257862 
1.000000 1.000000 1.000000 1.208321 1.013868 0.000000 0.000000 1.013868 0.000000 0.000000 0.778410 0.000000 0.778410 0.141350 0.141350 
0.000000 0.000000 0.000000 1.241664 1.069440 0.000000 0.000000 1.069440 0.000000 0.000000 1.091709 0.000000 1.091709 0.259470 0.259470 
1.000000 1.000000 1.000000 0.248333 0.413888 0.000000 0.000000 0.413888 0.000000 0.000000 1.178611 0.000000 1.178611 0.363903 0.363903 
1.000000 1.000000 1.000000 1.049667 0.749444 0.000000 0.000000 0.749444 0.000000 0.000000 0.531749 0.000000 0.531749 0.392870 0.392870 
0.000000 0.000000 0.000000 1.209933 1.016556 0.000000 0.000000 1.016556 0.000000 0.000000 0.802619 0.000000 0.802619 0.177250 0.177250 
1.000000 1.000000 1.000000 0.241987 0.403311 0.000000 0.000000 0.403311 0.000000 0.000000 1.096817 0.000000 1.096817 0.267540 0.267540 
0.000000 0.000000 0.000000 1.048397 0.747329 0.000000 0.000000 0.747329 0.000000 0.000000 0.512993 0.000000 0.512993 0.365606 0.365606 
1.000000 1.000000 1.000000 0.209679 0.349466 0.000000 0.000000 0.349466 0.000000 0.000000 0.798628 0.000000 0.798628 0.170998 0.170998 
1.000000 1.000000 1.000000 1.041936 0.736560 0.000000 0.000000 0.736560 0.000000 0.000000 0.429329 0.000000 0.429329 0.266209 0.266209 
1.000000 1.000000 1.000000 1.208387 1.013979 0.000000 0.000000 1.013979 0.000000 0.000000 0.779493 0.000000 0.779493 0.143110 0.143110 
1.000000 1.000000 1.000000 1.241677 1.069462 0.000000 0.000000 1.069462 0.000000 0.000000 1.091928 0.000000 1.091928 0.259831 0.259831 
1.000000 1.000000 1.000000 1.248335 1.080559 0.000000 0.000000 1.080559 0.000000 0.000000 1.178655 0.000000 1.178655 0.363976 0.363976 
1.000000 1.000000 1.000000 1.249667 1.082778 0.000000 0.000000 1.082778 0.000000 0.000000 1.198425 0.000000 1.198425 0.392885 0.392885 
1.000000 1.000000 1.000000 1.249933 1.083222 0.000000 0.000000 1.083222 0.000000 0.000000 1.202621 0.000000 1.202621 0.399475 0.399475 
0.000000 0.000000 0.000000 1.249987 1.083311 0.000000 0.000000 1.083311 0.000000 0.000000 1.203484 0.000000 1.203484 0.400874 0.400874 
1.000000 1.000000 1.000000 0.249997 0.416662 0.000000 0.000000 0.416662 0.000000 0.000000 1.203660 0.000000 1.203660 0.401161 0.401161 
0.000000 0.000000 0.000000 1.049999 0.749999 0.000000 0.000000 0.749999 0.000000 0.000000 0.537028 0.000000 0.537028 0.401220 0.401220 
0.000000 0.000000 0.000000 0.210000 0.350000 0.000000 0.000000 0.350000 0.000000 0.000000 0.803702 0.000000 0.803702 0.179009 0.179009 
0.000000 0.000000 0.000000 0.042000 0.070000 0.000000 0.000000 0.070000 0.000000 0.000000 0.430370 0.000000 0.430370 0.267901 0.267901 
1.000000 1.000000 1.000000 0.008400 0.014000 0.000000 0.000000 0.014000 0.000000 0.000000 0.113037 0.000000 0.113037 0.143457 0.143457 
