numberOfInputs 2
numberOfOutputs 1
numberOfInterNeurons 3
networkDimension 6
networkActivations
0.000000 0.000000 0.0000 0.0000 0.0000 0.000000
networkOutputs
0.000000 0.000000 0.000000 0.000000 0.000000 0.000000
neuronThreshold
0.000000 0.000000 0.000000 0.000000 0.000000 0.000000
neuronLearningRate
0.000000 0.000000 0.250000 0.250000 0.250000 0.000000
neuronRefactoryState
0.000000 0.000000 0.000000 0.000000 0.000000 0.000000
neuronWeightTotal
1.000000 1.000000 1.000000 1.000000 1.000000 1.000000
networkweights
0.00	0.00	0.50	0.25	0.25	0.00
0.00	0.00	0.25	0.25	0.50	0.00
0.00	0.00	0.00	0.00	0.00	1.00
0.00	0.00	0.00	0.00	0.00	1.00
0.00	0.00	0.00	0.00	0.00	1.00
0.00	0.00	0.00	0.00	0.00	0.00

networkinputs
-0.818277 -0.951602
networkoutputs
19.781475 19.715117
networkplasticweightsmask
0 0 1 1 1 0 0
0 0 1 1 1 0 0
0 0 0 0 0 0 0
0 0 0 0 0 0 0
0 0 0 0 0 0 0
0 0 0 0 0 0 0




