numberOfInputs 2
numberOfOutputs 1
numberOfInterNeurons 3
networkDimension 6
networkActivations
1.000000 1.000000 0.000000 0.000000 0.000000 0.000000 
networkOutputs
1.000000 1.000000 0.000000 0.000000 0.000000 0.000000 
neuronThreshold
0.000000 0.000000 0.000000 0.000000 0.000000 0.000000 
neuronLearningRate
0.000000 0.000000 0.250000 0.250000 0.250000 0.000000 
neuronRefactoryState
592748483701446300000000000000000000000000000000000000000000000000000000000000000000000000000000000000000000000000000000000000000000000000000000000000000000000000000000000000000000000000000000000000000000000000000000000000000000000000000000000000000000000000000.000000 592748483701446300000000000000000000000000000000000000000000000000000000000000000000000000000000000000000000000000000000000000000000000000000000000000000000000000000000000000000000000000000000000000000000000000000000000000000000000000000000000000000000000000000.000000 592748483701446300000000000000000000000000000000000000000000000000000000000000000000000000000000000000000000000000000000000000000000000000000000000000000000000000000000000000000000000000000000000000000000000000000000000000000000000000000000000000000000000000000.000000 592748483701446300000000000000000000000000000000000000000000000000000000000000000000000000000000000000000000000000000000000000000000000000000000000000000000000000000000000000000000000000000000000000000000000000000000000000000000000000000000000000000000000000000.000000 592748483701446300000000000000000000000000000000000000000000000000000000000000000000000000000000000000000000000000000000000000000000000000000000000000000000000000000000000000000000000000000000000000000000000000000000000000000000000000000000000000000000000000000.000000 592748483701446300000000000000000000000000000000000000000000000000000000000000000000000000000000000000000000000000000000000000000000000000000000000000000000000000000000000000000000000000000000000000000000000000000000000000000000000000000000000000000000000000000.000000 
neuronWeightTotal
1.000000 1.000000 1.000000 1.000000 1.000000 1.000000 
networkweights
0.000000 0.000000 0.666667 0.500000 0.333333 0.000000 
0.000000 0.000000 0.333333 0.500000 0.666667 0.000000 
0.000000 0.000000 0.000000 0.000000 0.000000 0.333333 
0.000000 0.000000 0.000000 0.000000 0.000000 0.333333 
0.000000 0.000000 0.000000 0.000000 0.000000 0.333333 
0.000000 0.000000 0.000000 0.000000 0.000000 0.000000 

networkinputs
1.000000 1.000000 
networkoutputs
0.000000 
networkplasticweightsmask
0 0 0 0 0 0 
0 0 0 0 0 0 
0 0 0 0 0 0 
0 0 0 0 0 0 
0 0 0 0 0 0 
0 0 0 0 0 0 

