0.000000 0.000000 0.000000 0.000000 0.000000 0.000000 
1.000000 1.000000 0.000000 0.000000 0.000000 0.000000 
0.100000 0.100000 1.000000 1.000000 1.000000 0.000000 
1.010000 1.010000 0.200000 0.200000 0.200000 1.000000 
0.101000 0.101000 1.030000 0.530000 0.530000 0.300000 
0.010100 0.010100 0.204000 0.004000 0.004000 1.060000 
0.001010 0.001010 0.030500 0.000000 0.000000 0.310000 
1.000101 1.000101 0.004060 0.000000 0.000000 0.061500 
1.100010 1.100010 1.000507 0.948757 0.948757 0.010210 
1.110001 1.110001 1.200061 1.189781 1.189781 1.001528 
0.111000 0.111000 1.230007 0.728215 0.728215 1.300214 
1.011100 1.011100 0.234001 0.000000 0.000000 1.360028 
1.101110 1.101110 1.034500 0.284457 0.284457 0.370004 
0.110111 0.110111 1.204560 0.944554 0.944554 1.071500 
1.011011 1.011011 0.230567 0.000000 0.000000 1.311710 
0.101101 0.101101 1.034068 0.322038 0.322038 0.361738 
0.010110 0.010110 0.204508 0.000000 0.000000 1.070242 
0.001011 0.001011 0.030561 0.000000 0.000000 0.311532 
0.000101 0.000101 0.004067 0.000000 0.000000 0.061714 
1.000010 1.000010 0.000508 0.000000 0.000000 0.010239 
0.100001 0.100001 1.000061 0.989738 0.989738 0.001532 
0.010000 0.010000 0.200007 0.198209 0.198209 1.000214 
0.001000 0.001000 0.030001 0.000000 0.000000 0.300029 
0.000100 0.000100 0.004000 0.000000 0.000000 0.060004 
0.000010 0.000010 0.000500 0.000000 0.000000 0.010000 
1.000001 1.000001 0.000060 0.000000 0.000000 0.001500 
0.100000 0.100000 1.000007 0.998257 0.998257 0.000210 
1.010000 1.010000 0.200001 0.199721 0.199721 1.000028 
0.101000 0.101000 1.030000 0.529958 0.529958 0.300004 
0.010100 0.010100 0.204000 0.003994 0.003994 1.060000 
0.001010 0.001010 0.030500 0.000000 0.000000 0.310000 
1.000101 1.000101 0.004060 0.000000 0.000000 0.061500 
1.100010 1.100010 1.000507 0.948757 0.948757 0.010210 
0.110001 0.110001 1.200061 1.189781 1.189781 1.001528 
1.011000 1.011000 0.230007 0.000000 0.000000 1.300214 
0.101100 0.101100 1.034001 0.333715 0.333715 0.360028 
0.010110 0.010110 0.204500 0.000000 0.000000 1.070004 
0.001011 0.001011 0.030560 0.000000 0.000000 0.311500 
0.000101 0.000101 0.004067 0.000000 0.000000 0.061710 
0.000010 0.000010 0.000508 0.000000 0.000000 0.010238 
1.000001 1.000001 0.000061 0.000000 0.000000 0.001532 
1.100000 1.100000 1.000007 0.998209 0.998209 0.000214 
0.110000 0.110000 1.200001 1.199714 1.199714 1.000029 
1.011000 1.011000 0.230000 0.000000 0.000000 1.300004 
0.101100 0.101100 1.034000 0.333994 0.333994 0.360000 
0.010110 0.010110 0.204500 0.000000 0.000000 1.070000 
0.001011 0.001011 0.030560 0.000000 0.000000 0.311500 
1.000101 1.000101 0.004067 0.000000 0.000000 0.061710 
0.100010 0.100010 1.000508 0.948478 0.948478 0.010238 
1.010001 1.010001 0.200061 0.189739 0.189739 1.001532 
1.101000 1.101000 1.030007 0.528209 0.528209 0.300214 
0.110100 0.110100 1.204001 1.003714 1.003714 1.060029 
1.011010 1.011010 0.230500 0.000000 0.000000 1.310004 
0.101101 0.101101 1.034060 0.324054 0.324054 0.361500 
1.010110 1.010110 0.204507 0.000000 0.000000 1.070210 
0.101011 0.101011 1.030561 0.470281 0.470281 0.311528 
1.010101 1.010101 0.204067 0.000000 0.000000 1.061714 
1.101010 1.101010 1.030508 0.478472 0.478472 0.310238 
0.110101 0.110101 1.204061 0.993738 0.993738 1.061532 
1.011010 1.011010 0.230507 0.000000 0.000000 1.310214 
1.101101 1.101101 1.034061 0.323774 0.323774 0.361529 
0.110110 0.110110 1.204507 0.952714 0.952714 1.070214 
0.011011 0.011011 0.230561 0.000000 0.000000 1.311528 
1.001101 1.001101 0.034067 0.000000 0.000000 0.361714 
1.100110 1.100110 1.004508 0.752472 0.752472 0.070238 
0.110011 0.110011 1.200561 1.140238 1.140238 1.011532 
0.011001 0.011001 0.230067 0.000000 0.000000 1.301714 
0.001100 0.001100 0.034008 0.000000 0.000000 0.360239 
0.000110 0.000110 0.004501 0.000000 0.000000 0.070032 
0.000011 0.000011 0.000560 0.000000 0.000000 0.011504 
0.000001 0.000001 0.000067 0.000000 0.000000 0.001711 
0.000000 0.000000 0.000008 0.000000 0.000000 0.000238 
1.000000 1.000000 0.000001 0.000000 0.000000 0.000032 
1.100000 1.100000 1.000000 0.999952 0.999952 0.000004 
1.110000 1.110000 1.200000 1.199993 1.199993 1.000001 
1.111000 1.111000 1.230000 0.729999 0.729999 1.300000 
1.111100 1.111100 1.234000 0.534000 0.534000 1.360000 
1.111110 1.111110 1.234500 0.484500 0.484500 1.370000 
1.111111 1.111111 1.234560 0.474560 0.474560 1.371500 
0.111111 0.111111 1.234567 0.472817 0.472817 1.371710 
0.011111 0.011111 0.234568 0.000000 0.000000 1.371738 
0.001111 0.001111 0.034568 0.000000 0.000000 0.371742 
1.000111 1.000111 0.004568 0.000000 0.000000 0.071742 
1.100011 1.100011 1.000568 0.938489 0.938489 0.011742 
1.110001 1.110001 1.200068 1.187989 1.187989 1.001742 
1.111000 1.111000 1.230008 0.727929 0.727929 1.300242 
1.111100 1.111100 1.234001 0.533672 0.533672 1.360032 
1.111110 1.111110 1.234500 0.484451 0.484451 1.370004 
0.111111 0.111111 1.234560 0.474553 0.474553 1.371501 
1.011111 1.011111 0.234567 0.000000 0.000000 1.371710 
0.101111 0.101111 1.034568 0.272538 0.272538 0.371738 
0.010111 0.010111 0.204568 0.000000 0.000000 1.071742 
1.001011 1.001011 0.030568 0.000000 0.000000 0.311742 
1.100101 1.100101 1.004068 0.791989 0.791989 0.061742 
1.110010 1.110010 1.200508 1.148429 1.148429 1.010242 
0.111001 0.111001 1.230061 0.719732 0.719732 1.301532 
0.011100 0.011100 0.234007 0.000000 0.000000 1.360214 
1.001110 1.001110 0.034501 0.000000 0.000000 0.370029 
1.100111 1.100111 1.004560 0.744517 0.744517 0.071504 
0.110011 0.110011 1.200567 1.138811 1.138811 1.011710 
0.011001 0.011001 0.230068 0.000000 0.000000 1.301738 
0.001100 0.001100 0.034008 0.000000 0.000000 0.360242 
1.000110 1.000110 0.004501 0.000000 0.000000 0.070032 
0.100011 0.100011 1.000560 0.940511 0.940511 0.011504 
1.010001 1.010001 0.200067 0.188310 0.188310 1.001711 
0.101000 0.101000 1.030008 0.527977 0.527977 0.300238 
1.010100 1.010100 0.204001 0.003679 0.003679 1.060032 
1.101010 1.101010 1.030500 0.480452 0.480452 0.310004 
1.110101 1.110101 1.204060 0.994053 0.994053 1.061501 
0.111010 0.111010 1.230507 0.678756 0.678756 1.310210 
1.011101 1.011101 0.234061 0.000000 0.000000 1.361528 
1.101110 1.101110 1.034507 0.282715 0.282715 0.370214 
0.110111 0.110111 1.204561 0.944275 0.944275 1.071528 
1.011011 1.011011 0.230567 0.000000 0.000000 1.311714 
0.101101 0.101101 1.034068 0.322032 0.322032 0.361738 
1.010110 1.010110 0.204508 0.000000 0.000000 1.070242 
1.101011 1.101011 1.030561 0.470233 0.470233 0.311532 
1.110101 1.110101 1.204067 0.992268 0.992268 1.061714 
1.111010 1.111010 1.230508 0.678471 0.678471 1.310239 
1.111101 1.111101 1.234061 0.523738 0.523738 1.361532 
1.111110 1.111110 1.234507 0.482709 0.482709 1.370214 
1.111111 1.111111 1.234561 0.474274 0.474274 1.371529 
0.111111 0.111111 1.234567 0.472774 0.472774 1.371714 
1.011111 1.011111 0.234568 0.000000 0.000000 1.371738 
0.101111 0.101111 1.034568 0.272495 0.272495 0.371742 
0.010111 0.010111 0.204568 0.000000 0.000000 1.071742 
0.001011 0.001011 0.030568 0.000000 0.000000 0.311742 
1.000101 1.000101 0.004068 0.000000 0.000000 0.061742 
0.000000 0.000000 0.000000 0.000000 0.000000 0.000000 
1.000000 1.000000 0.000000 0.000000 0.000000 0.000000 
0.000000 0.000000 1.000000 1.000000 1.000000 0.000000 
1.000000 1.000000 0.000000 0.000000 0.000000 1.000000 
0.000000 0.000000 1.000000 1.000000 1.000000 0.000000 
0.000000 0.000000 0.000000 0.000000 0.000000 1.000000 
0.000000 0.000000 0.000000 0.000000 0.000000 0.000000 
1.000000 1.000000 0.000000 0.000000 0.000000 0.000000 
1.000000 1.000000 1.000000 1.000000 1.000000 0.000000 
1.000000 1.000000 1.000000 1.000000 1.000000 1.000000 
0.000000 0.000000 1.000000 1.000000 1.000000 1.000000 
1.000000 1.000000 0.000000 0.000000 0.000000 1.000000 
1.000000 1.000000 1.000000 1.000000 1.000000 0.000000 
0.000000 0.000000 1.000000 1.000000 1.000000 1.000000 
1.000000 1.000000 0.000000 0.000000 0.000000 1.000000 
0.000000 0.000000 1.000000 1.000000 1.000000 0.000000 
0.000000 0.000000 0.000000 0.000000 0.000000 1.000000 
0.000000 0.000000 0.000000 0.000000 0.000000 0.000000 
0.000000 0.000000 0.000000 0.000000 0.000000 0.000000 
1.000000 1.000000 0.000000 0.000000 0.000000 0.000000 
0.000000 0.000000 1.000000 1.000000 1.000000 0.000000 
0.000000 0.000000 0.000000 0.000000 0.000000 1.000000 
0.000000 0.000000 0.000000 0.000000 0.000000 0.000000 
0.000000 0.000000 0.000000 0.000000 0.000000 0.000000 
0.000000 0.000000 0.000000 0.000000 0.000000 0.000000 
1.000000 1.000000 0.000000 0.000000 0.000000 0.000000 
0.000000 0.000000 1.000000 1.000000 1.000000 0.000000 
1.000000 1.000000 0.000000 0.000000 0.000000 1.000000 
0.000000 0.000000 1.000000 1.000000 1.000000 0.000000 
0.000000 0.000000 0.000000 0.000000 0.000000 1.000000 
0.000000 0.000000 0.000000 0.000000 0.000000 0.000000 
1.000000 1.000000 0.000000 0.000000 0.000000 0.000000 
1.000000 1.000000 1.000000 1.000000 1.000000 0.000000 
0.000000 0.000000 1.000000 1.000000 1.000000 1.000000 
1.000000 1.000000 0.000000 0.000000 0.000000 1.000000 
0.000000 0.000000 1.000000 1.000000 1.000000 0.000000 
0.000000 0.000000 0.000000 0.000000 0.000000 1.000000 
0.000000 0.000000 0.000000 0.000000 0.000000 0.000000 
0.000000 0.000000 0.000000 0.000000 0.000000 0.000000 
0.000000 0.000000 0.000000 0.000000 0.000000 0.000000 
1.000000 1.000000 0.000000 0.000000 0.000000 0.000000 
1.000000 1.000000 1.000000 1.000000 1.000000 0.000000 
0.000000 0.000000 1.000000 1.000000 1.000000 1.000000 
1.000000 1.000000 0.000000 0.000000 0.000000 1.000000 
0.000000 0.000000 1.000000 1.000000 1.000000 0.000000 
0.000000 0.000000 0.000000 0.000000 0.000000 1.000000 
0.000000 0.000000 0.000000 0.000000 0.000000 0.000000 
1.000000 1.000000 0.000000 0.000000 0.000000 0.000000 
0.000000 0.000000 1.000000 1.000000 1.000000 0.000000 
1.000000 1.000000 0.000000 0.000000 0.000000 1.000000 
1.000000 1.000000 1.000000 1.000000 1.000000 0.000000 
0.000000 0.000000 1.000000 1.000000 1.000000 1.000000 
1.000000 1.000000 0.000000 0.000000 0.000000 1.000000 
0.000000 0.000000 1.000000 1.000000 1.000000 0.000000 
1.000000 1.000000 0.000000 0.000000 0.000000 1.000000 
0.000000 0.000000 1.000000 1.000000 1.000000 0.000000 
1.000000 1.000000 0.000000 0.000000 0.000000 1.000000 
1.000000 1.000000 1.000000 1.000000 1.000000 0.000000 
0.000000 0.000000 1.000000 1.000000 1.000000 1.000000 
1.000000 1.000000 0.000000 0.000000 0.000000 1.000000 
1.000000 1.000000 1.000000 1.000000 1.000000 0.000000 
0.000000 0.000000 1.000000 1.000000 1.000000 1.000000 
0.000000 0.000000 0.000000 0.000000 0.000000 1.000000 
1.000000 1.000000 0.000000 0.000000 0.000000 0.000000 
1.000000 1.000000 1.000000 1.000000 1.000000 0.000000 
0.000000 0.000000 1.000000 1.000000 1.000000 1.000000 
0.000000 0.000000 0.000000 0.000000 0.000000 1.000000 
0.000000 0.000000 0.000000 0.000000 0.000000 0.000000 
0.000000 0.000000 0.000000 0.000000 0.000000 0.000000 
0.000000 0.000000 0.000000 0.000000 0.000000 0.000000 
0.000000 0.000000 0.000000 0.000000 0.000000 0.000000 
0.000000 0.000000 0.000000 0.000000 0.000000 0.000000 
1.000000 1.000000 0.000000 0.000000 0.000000 0.000000 
1.000000 1.000000 1.000000 1.000000 1.000000 0.000000 
1.000000 1.000000 1.000000 1.000000 1.000000 1.000000 
1.000000 1.000000 1.000000 1.000000 1.000000 1.000000 
1.000000 1.000000 1.000000 1.000000 1.000000 1.000000 
1.000000 1.000000 1.000000 1.000000 1.000000 1.000000 
1.000000 1.000000 1.000000 1.000000 1.000000 1.000000 
0.000000 0.000000 1.000000 1.000000 1.000000 1.000000 
0.000000 0.000000 0.000000 0.000000 0.000000 1.000000 
0.000000 0.000000 0.000000 0.000000 0.000000 0.000000 
1.000000 1.000000 0.000000 0.000000 0.000000 0.000000 
1.000000 1.000000 1.000000 1.000000 1.000000 0.000000 
1.000000 1.000000 1.000000 1.000000 1.000000 1.000000 
1.000000 1.000000 1.000000 1.000000 1.000000 1.000000 
1.000000 1.000000 1.000000 1.000000 1.000000 1.000000 
1.000000 1.000000 1.000000 1.000000 1.000000 1.000000 
0.000000 0.000000 1.000000 1.000000 1.000000 1.000000 
1.000000 1.000000 0.000000 0.000000 0.000000 1.000000 
0.000000 0.000000 1.000000 1.000000 1.000000 0.000000 
0.000000 0.000000 0.000000 0.000000 0.000000 1.000000 
1.000000 1.000000 0.000000 0.000000 0.000000 0.000000 
1.000000 1.000000 1.000000 1.000000 1.000000 0.000000 
1.000000 1.000000 1.000000 1.000000 1.000000 1.000000 
0.000000 0.000000 1.000000 1.000000 1.000000 1.000000 
0.000000 0.000000 0.000000 0.000000 0.000000 1.000000 
1.000000 1.000000 0.000000 0.000000 0.000000 0.000000 
1.000000 1.000000 1.000000 1.000000 1.000000 0.000000 
0.000000 0.000000 1.000000 1.000000 1.000000 1.000000 
0.000000 0.000000 0.000000 0.000000 0.000000 1.000000 
0.000000 0.000000 0.000000 0.000000 0.000000 0.000000 
1.000000 1.000000 0.000000 0.000000 0.000000 0.000000 
0.000000 0.000000 1.000000 1.000000 1.000000 0.000000 
1.000000 1.000000 0.000000 0.000000 0.000000 1.000000 
0.000000 0.000000 1.000000 1.000000 1.000000 0.000000 
1.000000 1.000000 0.000000 0.000000 0.000000 1.000000 
1.000000 1.000000 1.000000 1.000000 1.000000 0.000000 
1.000000 1.000000 1.000000 1.000000 1.000000 1.000000 
0.000000 0.000000 1.000000 1.000000 1.000000 1.000000 
1.000000 1.000000 0.000000 0.000000 0.000000 1.000000 
1.000000 1.000000 1.000000 1.000000 1.000000 0.000000 
0.000000 0.000000 1.000000 1.000000 1.000000 1.000000 
1.000000 1.000000 0.000000 0.000000 0.000000 1.000000 
0.000000 0.000000 1.000000 1.000000 1.000000 0.000000 
1.000000 1.000000 0.000000 0.000000 0.000000 1.000000 
1.000000 1.000000 1.000000 1.000000 1.000000 0.000000 
1.000000 1.000000 1.000000 1.000000 1.000000 1.000000 
1.000000 1.000000 1.000000 1.000000 1.000000 1.000000 
1.000000 1.000000 1.000000 1.000000 1.000000 1.000000 
1.000000 1.000000 1.000000 1.000000 1.000000 1.000000 
1.000000 1.000000 1.000000 1.000000 1.000000 1.000000 
0.000000 0.000000 1.000000 1.000000 1.000000 1.000000 
1.000000 1.000000 0.000000 0.000000 0.000000 1.000000 
0.000000 0.000000 1.000000 1.000000 1.000000 0.000000 
0.000000 0.000000 0.000000 0.000000 0.000000 1.000000 
0.000000 0.000000 0.000000 0.000000 0.000000 0.000000 
1.000000 1.000000 0.000000 0.000000 0.000000 0.000000 
0.000000 0.000000 0.000000 0.000000 0.000000 0.000000 
1.000000 1.000000 0.000000 0.000000 0.000000 0.000000 
0.000000 0.000000 1.000000 1.000000 1.000000 0.000000 
1.000000 1.000000 0.000000 0.000000 0.000000 1.000000 
0.000000 0.000000 1.000000 1.000000 1.000000 0.000000 
0.000000 0.000000 0.000000 0.000000 0.000000 1.000000 
0.000000 0.000000 0.000000 0.000000 0.000000 0.000000 
1.000000 1.000000 0.000000 0.000000 0.000000 0.000000 
1.000000 1.000000 1.000000 1.000000 1.000000 0.000000 
1.000000 1.000000 1.000000 1.000000 1.000000 1.000000 
0.000000 0.000000 1.000000 1.000000 1.000000 1.000000 
1.000000 1.000000 0.000000 0.000000 0.000000 1.000000 
1.000000 1.000000 1.000000 1.000000 1.000000 0.000000 
0.000000 0.000000 1.000000 1.000000 1.000000 1.000000 
1.000000 1.000000 0.000000 0.000000 0.000000 1.000000 
0.000000 0.000000 1.000000 1.000000 1.000000 0.000000 
0.000000 0.000000 0.000000 0.000000 0.000000 1.000000 
0.000000 0.000000 0.000000 0.000000 0.000000 0.000000 
0.000000 0.000000 0.000000 0.000000 0.000000 0.000000 
1.000000 1.000000 0.000000 0.000000 0.000000 0.000000 
0.000000 0.000000 1.000000 1.000000 1.000000 0.000000 
0.000000 0.000000 0.000000 0.000000 0.000000 1.000000 
0.000000 0.000000 0.000000 0.000000 0.000000 0.000000 
0.000000 0.000000 0.000000 0.000000 0.000000 0.000000 
0.000000 0.000000 0.000000 0.000000 0.000000 0.000000 
1.000000 1.000000 0.000000 0.000000 0.000000 0.000000 
0.000000 0.000000 1.000000 1.000000 1.000000 0.000000 
1.000000 1.000000 0.000000 0.000000 0.000000 1.000000 
0.000000 0.000000 1.000000 1.000000 1.000000 0.000000 
0.000000 0.000000 0.000000 0.000000 0.000000 1.000000 
0.000000 0.000000 0.000000 0.000000 0.000000 0.000000 
1.000000 1.000000 0.000000 0.000000 0.000000 0.000000 
1.000000 1.000000 1.000000 1.000000 1.000000 0.000000 
0.000000 0.000000 1.000000 1.000000 1.000000 1.000000 
1.000000 1.000000 0.000000 0.000000 0.000000 1.000000 
0.000000 0.000000 1.000000 1.000000 1.000000 0.000000 
0.000000 0.000000 0.000000 0.000000 0.000000 1.000000 
0.000000 0.000000 0.000000 0.000000 0.000000 0.000000 
0.000000 0.000000 0.000000 0.000000 0.000000 0.000000 
0.000000 0.000000 0.000000 0.000000 0.000000 0.000000 
1.000000 1.000000 0.000000 0.000000 0.000000 0.000000 
1.000000 1.000000 1.000000 1.000000 1.000000 0.000000 
0.000000 0.000000 1.000000 1.000000 1.000000 1.000000 
1.000000 1.000000 0.000000 0.000000 0.000000 1.000000 
0.000000 0.000000 1.000000 1.000000 1.000000 0.000000 
0.000000 0.000000 0.000000 0.000000 0.000000 1.000000 
0.000000 0.000000 0.000000 0.000000 0.000000 0.000000 
1.000000 1.000000 0.000000 0.000000 0.000000 0.000000 
0.000000 0.000000 1.000000 1.000000 1.000000 0.000000 
1.000000 1.000000 0.000000 0.000000 0.000000 1.000000 
1.000000 1.000000 1.000000 1.000000 1.000000 0.000000 
0.000000 0.000000 1.000000 1.000000 1.000000 1.000000 
1.000000 1.000000 0.000000 0.000000 0.000000 1.000000 
0.000000 0.000000 1.000000 1.000000 1.000000 0.000000 
1.000000 1.000000 0.000000 0.000000 0.000000 1.000000 
0.000000 0.000000 1.000000 1.000000 1.000000 0.000000 
1.000000 1.000000 0.000000 0.000000 0.000000 1.000000 
1.000000 1.000000 1.000000 1.000000 1.000000 0.000000 
0.000000 0.000000 1.000000 1.000000 1.000000 1.000000 
1.000000 1.000000 0.000000 0.000000 0.000000 1.000000 
1.000000 1.000000 1.000000 1.000000 1.000000 0.000000 
0.000000 0.000000 1.000000 1.000000 1.000000 1.000000 
0.000000 0.000000 0.000000 0.000000 0.000000 1.000000 
1.000000 1.000000 0.000000 0.000000 0.000000 0.000000 
1.000000 1.000000 1.000000 1.000000 1.000000 0.000000 
0.000000 0.000000 1.000000 1.000000 1.000000 1.000000 
0.000000 0.000000 0.000000 0.000000 0.000000 1.000000 
0.000000 0.000000 0.000000 0.000000 0.000000 0.000000 
0.000000 0.000000 0.000000 0.000000 0.000000 0.000000 
0.000000 0.000000 0.000000 0.000000 0.000000 0.000000 
0.000000 0.000000 0.000000 0.000000 0.000000 0.000000 
0.000000 0.000000 0.000000 0.000000 0.000000 0.000000 
1.000000 1.000000 0.000000 0.000000 0.000000 0.000000 
1.000000 1.000000 1.000000 1.000000 1.000000 0.000000 
1.000000 1.000000 1.000000 1.000000 1.000000 1.000000 
1.000000 1.000000 1.000000 1.000000 1.000000 1.000000 
1.000000 1.000000 1.000000 1.000000 1.000000 1.000000 
1.000000 1.000000 1.000000 1.000000 1.000000 1.000000 
1.000000 1.000000 1.000000 1.000000 1.000000 1.000000 
0.000000 0.000000 1.000000 1.000000 1.000000 1.000000 
0.000000 0.000000 0.000000 0.000000 0.000000 1.000000 
0.000000 0.000000 0.000000 0.000000 0.000000 0.000000 
1.000000 1.000000 0.000000 0.000000 0.000000 0.000000 
1.000000 1.000000 1.000000 1.000000 1.000000 0.000000 
1.000000 1.000000 1.000000 1.000000 1.000000 1.000000 
1.000000 1.000000 1.000000 1.000000 1.000000 1.000000 
1.000000 1.000000 1.000000 1.000000 1.000000 1.000000 
1.000000 1.000000 1.000000 1.000000 1.000000 1.000000 
0.000000 0.000000 1.000000 1.000000 1.000000 1.000000 
1.000000 1.000000 0.000000 0.000000 0.000000 1.000000 
0.000000 0.000000 1.000000 1.000000 1.000000 0.000000 
0.000000 0.000000 0.000000 0.000000 0.000000 1.000000 
1.000000 1.000000 0.000000 0.000000 0.000000 0.000000 
1.000000 1.000000 1.000000 1.000000 1.000000 0.000000 
1.000000 1.000000 1.000000 1.000000 1.000000 1.000000 
0.000000 0.000000 1.000000 1.000000 1.000000 1.000000 
0.000000 0.000000 0.000000 0.000000 0.000000 1.000000 
1.000000 1.000000 0.000000 0.000000 0.000000 0.000000 
1.000000 1.000000 1.000000 1.000000 1.000000 0.000000 
0.000000 0.000000 1.000000 1.000000 1.000000 1.000000 
0.000000 0.000000 0.000000 0.000000 0.000000 1.000000 
0.000000 0.000000 0.000000 0.000000 0.000000 0.000000 
1.000000 1.000000 0.000000 0.000000 0.000000 0.000000 
0.000000 0.000000 1.000000 1.000000 1.000000 0.000000 
1.000000 1.000000 0.000000 0.000000 0.000000 1.000000 
0.000000 0.000000 1.000000 1.000000 1.000000 0.000000 
1.000000 1.000000 0.000000 0.000000 0.000000 1.000000 
1.000000 1.000000 1.000000 1.000000 1.000000 0.000000 
1.000000 1.000000 1.000000 1.000000 1.000000 1.000000 
0.000000 0.000000 1.000000 1.000000 1.000000 1.000000 
1.000000 1.000000 0.000000 0.000000 0.000000 1.000000 
1.000000 1.000000 1.000000 1.000000 1.000000 0.000000 
0.000000 0.000000 1.000000 1.000000 1.000000 1.000000 
1.000000 1.000000 0.000000 0.000000 0.000000 1.000000 
0.000000 0.000000 1.000000 1.000000 1.000000 0.000000 
1.000000 1.000000 0.000000 0.000000 0.000000 1.000000 
1.000000 1.000000 1.000000 1.000000 1.000000 0.000000 
1.000000 1.000000 1.000000 1.000000 1.000000 1.000000 
1.000000 1.000000 1.000000 1.000000 1.000000 1.000000 
1.000000 1.000000 1.000000 1.000000 1.000000 1.000000 
1.000000 1.000000 1.000000 1.000000 1.000000 1.000000 
1.000000 1.000000 1.000000 1.000000 1.000000 1.000000 
0.000000 0.000000 1.000000 1.000000 1.000000 1.000000 
1.000000 1.000000 0.000000 0.000000 0.000000 1.000000 
0.000000 0.000000 1.000000 1.000000 1.000000 0.000000 
0.000000 0.000000 0.000000 0.000000 0.000000 1.000000 
0.000000 0.000000 0.000000 0.000000 0.000000 0.000000 
1.000000 1.000000 0.000000 0.000000 0.000000 0.000000 
0.000000 0.000000 0.000000 0.000000 0.000000 0.000000 
1.000000 1.000000 0.000000 0.000000 0.000000 0.000000 
0.000000 0.000000 1.000000 1.000000 1.000000 0.000000 
1.000000 1.000000 0.000000 0.000000 0.000000 1.000000 
0.000000 0.000000 1.000000 1.000000 1.000000 0.000000 
0.000000 0.000000 0.000000 0.000000 0.000000 1.000000 
0.000000 0.000000 0.000000 0.000000 0.000000 0.000000 
1.000000 1.000000 0.000000 0.000000 0.000000 0.000000 
1.000000 1.000000 1.000000 1.000000 1.000000 0.000000 
1.000000 1.000000 1.000000 1.000000 1.000000 1.000000 
0.000000 0.000000 1.000000 1.000000 1.000000 1.000000 
1.000000 1.000000 0.000000 0.000000 0.000000 1.000000 
1.000000 1.000000 1.000000 1.000000 1.000000 0.000000 
0.000000 0.000000 1.000000 1.000000 1.000000 1.000000 
1.000000 1.000000 0.000000 0.000000 0.000000 1.000000 
0.000000 0.000000 1.000000 1.000000 1.000000 0.000000 
0.000000 0.000000 0.000000 0.000000 0.000000 1.000000 
0.000000 0.000000 0.000000 0.000000 0.000000 0.000000 
0.000000 0.000000 0.000000 0.000000 0.000000 0.000000 
1.000000 1.000000 0.000000 0.000000 0.000000 0.000000 
0.000000 0.000000 1.000000 1.000000 1.000000 0.000000 
0.000000 0.000000 0.000000 0.000000 0.000000 1.000000 
0.000000 0.000000 0.000000 0.000000 0.000000 0.000000 
0.000000 0.000000 0.000000 0.000000 0.000000 0.000000 
0.000000 0.000000 0.000000 0.000000 0.000000 0.000000 
1.000000 1.000000 0.000000 0.000000 0.000000 0.000000 
0.000000 0.000000 1.000000 1.000000 1.000000 0.000000 
1.000000 1.000000 0.000000 0.000000 0.000000 1.000000 
0.000000 0.000000 1.000000 1.000000 1.000000 0.000000 
0.000000 0.000000 0.000000 0.000000 0.000000 1.000000 
0.000000 0.000000 0.000000 0.000000 0.000000 0.000000 
1.000000 1.000000 0.000000 0.000000 0.000000 0.000000 
1.000000 1.000000 1.000000 1.000000 1.000000 0.000000 
0.000000 0.000000 1.000000 1.000000 1.000000 1.000000 
1.000000 1.000000 0.000000 0.000000 0.000000 1.000000 
0.000000 0.000000 1.000000 1.000000 1.000000 0.000000 
0.000000 0.000000 0.000000 0.000000 0.000000 1.000000 
0.000000 0.000000 0.000000 0.000000 0.000000 0.000000 
0.000000 0.000000 0.000000 0.000000 0.000000 0.000000 
0.000000 0.000000 0.000000 0.000000 0.000000 0.000000 
1.000000 1.000000 0.000000 0.000000 0.000000 0.000000 
1.000000 1.000000 1.000000 1.000000 1.000000 0.000000 
0.000000 0.000000 1.000000 1.000000 1.000000 1.000000 
1.000000 1.000000 0.000000 0.000000 0.000000 1.000000 
0.000000 0.000000 1.000000 1.000000 1.000000 0.000000 
0.000000 0.000000 0.000000 0.000000 0.000000 1.000000 
0.000000 0.000000 0.000000 0.000000 0.000000 0.000000 
1.000000 1.000000 0.000000 0.000000 0.000000 0.000000 
0.000000 0.000000 1.000000 1.000000 1.000000 0.000000 
1.000000 1.000000 0.000000 0.000000 0.000000 1.000000 
1.000000 1.000000 1.000000 1.000000 1.000000 0.000000 
0.000000 0.000000 1.000000 1.000000 1.000000 1.000000 
1.000000 1.000000 0.000000 0.000000 0.000000 1.000000 
0.000000 0.000000 1.000000 1.000000 1.000000 0.000000 
1.000000 1.000000 0.000000 0.000000 0.000000 1.000000 
0.000000 0.000000 1.000000 1.000000 1.000000 0.000000 
1.000000 1.000000 0.000000 0.000000 0.000000 1.000000 
1.000000 1.000000 1.000000 1.000000 1.000000 0.000000 
0.000000 0.000000 1.000000 1.000000 1.000000 1.000000 
1.000000 1.000000 0.000000 0.000000 0.000000 1.000000 
1.000000 1.000000 1.000000 1.000000 1.000000 0.000000 
0.000000 0.000000 1.000000 1.000000 1.000000 1.000000 
0.000000 0.000000 0.000000 0.000000 0.000000 1.000000 
1.000000 1.000000 0.000000 0.000000 0.000000 0.000000 
1.000000 1.000000 1.000000 1.000000 1.000000 0.000000 
0.000000 0.000000 1.000000 1.000000 1.000000 1.000000 
0.000000 0.000000 0.000000 0.000000 0.000000 1.000000 
0.000000 0.000000 0.000000 0.000000 0.000000 0.000000 
0.000000 0.000000 0.000000 0.000000 0.000000 0.000000 
0.000000 0.000000 0.000000 0.000000 0.000000 0.000000 
0.000000 0.000000 0.000000 0.000000 0.000000 0.000000 
0.000000 0.000000 0.000000 0.000000 0.000000 0.000000 
1.000000 1.000000 0.000000 0.000000 0.000000 0.000000 
1.000000 1.000000 1.000000 1.000000 1.000000 0.000000 
1.000000 1.000000 1.000000 1.000000 1.000000 1.000000 
1.000000 1.000000 1.000000 1.000000 1.000000 1.000000 
1.000000 1.000000 1.000000 1.000000 1.000000 1.000000 
1.000000 1.000000 1.000000 1.000000 1.000000 1.000000 
1.000000 1.000000 1.000000 1.000000 1.000000 1.000000 
0.000000 0.000000 1.000000 1.000000 1.000000 1.000000 
0.000000 0.000000 0.000000 0.000000 0.000000 1.000000 
0.000000 0.000000 0.000000 0.000000 0.000000 0.000000 
1.000000 1.000000 0.000000 0.000000 0.000000 0.000000 
1.000000 1.000000 1.000000 1.000000 1.000000 0.000000 
1.000000 1.000000 1.000000 1.000000 1.000000 1.000000 
1.000000 1.000000 1.000000 1.000000 1.000000 1.000000 
1.000000 1.000000 1.000000 1.000000 1.000000 1.000000 
1.000000 1.000000 1.000000 1.000000 1.000000 1.000000 
0.000000 0.000000 1.000000 1.000000 1.000000 1.000000 
1.000000 1.000000 0.000000 0.000000 0.000000 1.000000 
0.000000 0.000000 1.000000 1.000000 1.000000 0.000000 
0.000000 0.000000 0.000000 0.000000 0.000000 1.000000 
1.000000 1.000000 0.000000 0.000000 0.000000 0.000000 
1.000000 1.000000 1.000000 1.000000 1.000000 0.000000 
1.000000 1.000000 1.000000 1.000000 1.000000 1.000000 
0.000000 0.000000 1.000000 1.000000 1.000000 1.000000 
0.000000 0.000000 0.000000 0.000000 0.000000 1.000000 
1.000000 1.000000 0.000000 0.000000 0.000000 0.000000 
1.000000 1.000000 1.000000 1.000000 1.000000 0.000000 
0.000000 0.000000 1.000000 1.000000 1.000000 1.000000 
0.000000 0.000000 0.000000 0.000000 0.000000 1.000000 
0.000000 0.000000 0.000000 0.000000 0.000000 0.000000 
1.000000 1.000000 0.000000 0.000000 0.000000 0.000000 
0.000000 0.000000 1.000000 1.000000 1.000000 0.000000 
1.000000 1.000000 0.000000 0.000000 0.000000 1.000000 
0.000000 0.000000 1.000000 1.000000 1.000000 0.000000 
1.000000 1.000000 0.000000 0.000000 0.000000 1.000000 
1.000000 1.000000 1.000000 1.000000 1.000000 0.000000 
1.000000 1.000000 1.000000 1.000000 1.000000 1.000000 
0.000000 0.000000 1.000000 1.000000 1.000000 1.000000 
1.000000 1.000000 0.000000 0.000000 0.000000 1.000000 
1.000000 1.000000 1.000000 1.000000 1.000000 0.000000 
0.000000 0.000000 1.000000 1.000000 1.000000 1.000000 
1.000000 1.000000 0.000000 0.000000 0.000000 1.000000 
0.000000 0.000000 1.000000 1.000000 1.000000 0.000000 
1.000000 1.000000 0.000000 0.000000 0.000000 1.000000 
1.000000 1.000000 1.000000 1.000000 1.000000 0.000000 
1.000000 1.000000 1.000000 1.000000 1.000000 1.000000 
1.000000 1.000000 1.000000 1.000000 1.000000 1.000000 
1.000000 1.000000 1.000000 1.000000 1.000000 1.000000 
1.000000 1.000000 1.000000 1.000000 1.000000 1.000000 
1.000000 1.000000 1.000000 1.000000 1.000000 1.000000 
0.000000 0.000000 1.000000 1.000000 1.000000 1.000000 
1.000000 1.000000 0.000000 0.000000 0.000000 1.000000 
0.000000 0.000000 1.000000 1.000000 1.000000 0.000000 
0.000000 0.000000 0.000000 0.000000 0.000000 1.000000 
0.000000 0.000000 0.000000 0.000000 0.000000 0.000000 
1.000000 1.000000 0.000000 0.000000 0.000000 0.000000 
0.000000 0.000000 0.000000 0.000000 0.000000 0.000000 
1.000000 1.000000 0.000000 0.000000 0.000000 0.000000 
0.000000 0.000000 1.000000 1.000000 1.000000 0.000000 
1.000000 1.000000 0.000000 0.000000 0.000000 1.000000 
0.000000 0.000000 1.000000 1.000000 1.000000 0.000000 
0.000000 0.000000 0.000000 0.000000 0.000000 1.000000 
0.000000 0.000000 0.000000 0.000000 0.000000 0.000000 
1.000000 1.000000 0.000000 0.000000 0.000000 0.000000 
1.000000 1.000000 1.000000 1.000000 1.000000 0.000000 
1.000000 1.000000 1.000000 1.000000 1.000000 1.000000 
0.000000 0.000000 1.000000 1.000000 1.000000 1.000000 
1.000000 1.000000 0.000000 0.000000 0.000000 1.000000 
1.000000 1.000000 1.000000 1.000000 1.000000 0.000000 
0.000000 0.000000 1.000000 1.000000 1.000000 1.000000 
1.000000 1.000000 0.000000 0.000000 0.000000 1.000000 
0.000000 0.000000 1.000000 1.000000 1.000000 0.000000 
0.000000 0.000000 0.000000 0.000000 0.000000 1.000000 
0.000000 0.000000 0.000000 0.000000 0.000000 0.000000 
0.000000 0.000000 0.000000 0.000000 0.000000 0.000000 
1.000000 1.000000 0.000000 0.000000 0.000000 0.000000 
0.000000 0.000000 1.000000 1.000000 1.000000 0.000000 
0.000000 0.000000 0.000000 0.000000 0.000000 1.000000 
0.000000 0.000000 0.000000 0.000000 0.000000 0.000000 
0.000000 0.000000 0.000000 0.000000 0.000000 0.000000 
0.000000 0.000000 0.000000 0.000000 0.000000 0.000000 
1.000000 1.000000 0.000000 0.000000 0.000000 0.000000 
0.000000 0.000000 1.000000 1.000000 1.000000 0.000000 
1.000000 1.000000 0.000000 0.000000 0.000000 1.000000 
0.000000 0.000000 1.000000 1.000000 1.000000 0.000000 
0.000000 0.000000 0.000000 0.000000 0.000000 1.000000 
0.000000 0.000000 0.000000 0.000000 0.000000 0.000000 
1.000000 1.000000 0.000000 0.000000 0.000000 0.000000 
1.000000 1.000000 1.000000 1.000000 1.000000 0.000000 
0.000000 0.000000 1.000000 1.000000 1.000000 1.000000 
1.000000 1.000000 0.000000 0.000000 0.000000 1.000000 
0.000000 0.000000 1.000000 1.000000 1.000000 0.000000 
0.000000 0.000000 0.000000 0.000000 0.000000 1.000000 
0.000000 0.000000 0.000000 0.000000 0.000000 0.000000 
0.000000 0.000000 0.000000 0.000000 0.000000 0.000000 
0.000000 0.000000 0.000000 0.000000 0.000000 0.000000 
1.000000 1.000000 0.000000 0.000000 0.000000 0.000000 
1.000000 1.000000 1.000000 1.000000 1.000000 0.000000 
0.000000 0.000000 1.000000 1.000000 1.000000 1.000000 
1.000000 1.000000 0.000000 0.000000 0.000000 1.000000 
0.000000 0.000000 1.000000 1.000000 1.000000 0.000000 
0.000000 0.000000 0.000000 0.000000 0.000000 1.000000 
0.000000 0.000000 0.000000 0.000000 0.000000 0.000000 
1.000000 1.000000 0.000000 0.000000 0.000000 0.000000 
0.000000 0.000000 1.000000 1.000000 1.000000 0.000000 
1.000000 1.000000 0.000000 0.000000 0.000000 1.000000 
1.000000 1.000000 1.000000 1.000000 1.000000 0.000000 
0.000000 0.000000 1.000000 1.000000 1.000000 1.000000 
1.000000 1.000000 0.000000 0.000000 0.000000 1.000000 
0.000000 0.000000 1.000000 1.000000 1.000000 0.000000 
1.000000 1.000000 0.000000 0.000000 0.000000 1.000000 
0.000000 0.000000 1.000000 1.000000 1.000000 0.000000 
1.000000 1.000000 0.000000 0.000000 0.000000 1.000000 
1.000000 1.000000 1.000000 1.000000 1.000000 0.000000 
0.000000 0.000000 1.000000 1.000000 1.000000 1.000000 
1.000000 1.000000 0.000000 0.000000 0.000000 1.000000 
1.000000 1.000000 1.000000 1.000000 1.000000 0.000000 
0.000000 0.000000 1.000000 1.000000 1.000000 1.000000 
0.000000 0.000000 0.000000 0.000000 0.000000 1.000000 
1.000000 1.000000 0.000000 0.000000 0.000000 0.000000 
1.000000 1.000000 1.000000 1.000000 1.000000 0.000000 
0.000000 0.000000 1.000000 1.000000 1.000000 1.000000 
0.000000 0.000000 0.000000 0.000000 0.000000 1.000000 
0.000000 0.000000 0.000000 0.000000 0.000000 0.000000 
0.000000 0.000000 0.000000 0.000000 0.000000 0.000000 
0.000000 0.000000 0.000000 0.000000 0.000000 0.000000 
0.000000 0.000000 0.000000 0.000000 0.000000 0.000000 
0.000000 0.000000 0.000000 0.000000 0.000000 0.000000 
1.000000 1.000000 0.000000 0.000000 0.000000 0.000000 
1.000000 1.000000 1.000000 1.000000 1.000000 0.000000 
1.000000 1.000000 1.000000 1.000000 1.000000 1.000000 
1.000000 1.000000 1.000000 1.000000 1.000000 1.000000 
1.000000 1.000000 1.000000 1.000000 1.000000 1.000000 
1.000000 1.000000 1.000000 1.000000 1.000000 1.000000 
1.000000 1.000000 1.000000 1.000000 1.000000 1.000000 
0.000000 0.000000 1.000000 1.000000 1.000000 1.000000 
0.000000 0.000000 0.000000 0.000000 0.000000 1.000000 
0.000000 0.000000 0.000000 0.000000 0.000000 0.000000 
1.000000 1.000000 0.000000 0.000000 0.000000 0.000000 
1.000000 1.000000 1.000000 1.000000 1.000000 0.000000 
1.000000 1.000000 1.000000 1.000000 1.000000 1.000000 
1.000000 1.000000 1.000000 1.000000 1.000000 1.000000 
1.000000 1.000000 1.000000 1.000000 1.000000 1.000000 
1.000000 1.000000 1.000000 1.000000 1.000000 1.000000 
0.000000 0.000000 1.000000 1.000000 1.000000 1.000000 
1.000000 1.000000 0.000000 0.000000 0.000000 1.000000 
0.000000 0.000000 1.000000 1.000000 1.000000 0.000000 
0.000000 0.000000 0.000000 0.000000 0.000000 1.000000 
1.000000 1.000000 0.000000 0.000000 0.000000 0.000000 
1.000000 1.000000 1.000000 1.000000 1.000000 0.000000 
1.000000 1.000000 1.000000 1.000000 1.000000 1.000000 
0.000000 0.000000 1.000000 1.000000 1.000000 1.000000 
0.000000 0.000000 0.000000 0.000000 0.000000 1.000000 
1.000000 1.000000 0.000000 0.000000 0.000000 0.000000 
1.000000 1.000000 1.000000 1.000000 1.000000 0.000000 
0.000000 0.000000 1.000000 1.000000 1.000000 1.000000 
0.000000 0.000000 0.000000 0.000000 0.000000 1.000000 
0.000000 0.000000 0.000000 0.000000 0.000000 0.000000 
1.000000 1.000000 0.000000 0.000000 0.000000 0.000000 
0.000000 0.000000 1.000000 1.000000 1.000000 0.000000 
1.000000 1.000000 0.000000 0.000000 0.000000 1.000000 
0.000000 0.000000 1.000000 1.000000 1.000000 0.000000 
1.000000 1.000000 0.000000 0.000000 0.000000 1.000000 
1.000000 1.000000 1.000000 1.000000 1.000000 0.000000 
1.000000 1.000000 1.000000 1.000000 1.000000 1.000000 
0.000000 0.000000 1.000000 1.000000 1.000000 1.000000 
1.000000 1.000000 0.000000 0.000000 0.000000 1.000000 
1.000000 1.000000 1.000000 1.000000 1.000000 0.000000 
0.000000 0.000000 1.000000 1.000000 1.000000 1.000000 
1.000000 1.000000 0.000000 0.000000 0.000000 1.000000 
0.000000 0.000000 1.000000 1.000000 1.000000 0.000000 
1.000000 1.000000 0.000000 0.000000 0.000000 1.000000 
1.000000 1.000000 1.000000 1.000000 1.000000 0.000000 
1.000000 1.000000 1.000000 1.000000 1.000000 1.000000 
1.000000 1.000000 1.000000 1.000000 1.000000 1.000000 
1.000000 1.000000 1.000000 1.000000 1.000000 1.000000 
1.000000 1.000000 1.000000 1.000000 1.000000 1.000000 
1.000000 1.000000 1.000000 1.000000 1.000000 1.000000 
0.000000 0.000000 1.000000 1.000000 1.000000 1.000000 
1.000000 1.000000 0.000000 0.000000 0.000000 1.000000 
0.000000 0.000000 1.000000 1.000000 1.000000 0.000000 
0.000000 0.000000 0.000000 0.000000 0.000000 1.000000 
0.000000 0.000000 0.000000 0.000000 0.000000 0.000000 
1.000000 1.000000 0.000000 0.000000 0.000000 0.000000 
